    unsorted:	 0.9657209003 0.1778622383 4.726276668
      sorted:	 0.1778622383 0.9657209003 4.726276668
