    unsorted:	 0.4178950022 0.3183313738 3.953822312
      sorted:	 0.3183313738 0.4178950022 3.953822312
