    unsorted:	 0.4435680048 0.07651126759 1.178311409
      sorted:	 0.07651126759 0.4435680048 1.178311409
