    unsorted:	 1.099769856 -0.007763084132 5677.846467
      sorted:	 -0.007763084132 1.099769856 5677.846467
