    unsorted:	 2.311042167 4.633900265 0.5520587903
      sorted:	 0.5520587903 2.311042167 4.633900265
