    unsorted:	 -1.166730556 0.9069209098 27.39751558
      sorted:	 -1.166730556 0.9069209098 27.39751558
