    unsorted:	 1.815625804 0.6692677134 11.93010982
      sorted:	 0.6692677134 1.815625804 11.93010982
