    unsorted:	 0.02164853963 17.00194291 939068.0782
      sorted:	 0.02164853963 17.00194291 939068.0782
