    unsorted:	 5887.733207 15.24029110 141356.1379
      sorted:	 15.24029110 5887.733207 141356.1379
